0.4554501
0.7048373
1.035104
-0.6089264
0.5049551
-1.717009
-0.784459
-0.8509076
-2.414208
0.03612261
0.2059986
-0.3610573
0.7581632
-0.7267048
-1.368281
0.432818
-0.8113932
1.444101
-0.4314462
0.6556479
0.3219253
-0.7838389
1.575728
0.6428993
0.08976065
0.2765507
0.6792888
0.08983289
-2.99309
0.284883
-0.3672346
0.1852306
0.5818237
1.399737
-0.7272921
1.302543
0.3358481
1.038506
0.9207286
0.7208782
-1.043119
-0.09018639
0.6235182
-0.9535234
-0.5428288
0.5809965
0.7681787
0.4637676
-0.8857763
-1.099781
1.512707
0.2579214
0.08844023
-0.1208965
-1.194329
0.6119969
-0.2171398
-0.1827567
0.9333463
0.8217731
1.392116
-0.4761739
0.6503486
1.39111
-1.110789
-0.8607926
-1.131739
-1.459214
0.07998255
0.6532043
1.200965
1.044751
-1.003209
1.848482
-0.6667734
0.1055138
-0.4222559
-0.1223502
0.188193
0.119161
-0.02509255
0.1080727
-0.4854352
-0.5042171
-1.661099
-0.3823337
-0.5126503
2.701891
-1.362116
0.1372562
-1.493625
-1.470436
0.1247024
-0.9966391
-0.001822614
-0.4282589
-0.6136716
-2.024678
-1.224748
0.1795164
0.5676206
-0.4928774
6.288407e-05
1.12289
1.439856
-1.097114
-0.1173196
1.201498
-0.4697296
-0.05246948
-0.0861073
-0.887679
-0.444684
-0.02944488
-0.4138688
1.113386
-0.4809928
-0.433169
0.6968626
-1.056368
-0.04069848
-1.551545
1.16717
-0.2736457
-0.4678453
-1.238252
-0.007762034
-0.8002822
-0.5334923
1.287675
-0.1755259
-1.071782
0.1632069
-0.3627384
0.5900135
1.432422
-0.9926925
0.4546503
0.08489806
0.8955656
-0.2297781
0.8366191
-1.745056
1.689459
0.864778
-0.150776
-1.449007
0.6430087
0.4831939
-0.006355626
0.1514559
-0.584109
0.3688067
0.2946543
-0.2792594
-1.336237
0.7007488
0.5541966
-0.8363066
-1.594588
0.2049586
-0.345088
0.2526117
-1.294002
-0.9591704
1.085775
0.4037749
0.5864875
1.815228
0.1288214
-2.000929
0.3337772
1.171325
2.059539
-1.376862
-1.150856
-0.7058214
-1.054056
-0.6457437
-0.185378
-1.201222
2.036972
0.1077747
-0.0841081
0.4956196
0.03741519
-0.132088
1.476787
-0.2170302
-1.283602
0.3856679
-0.3515129
-0.5217961
-1.068131
0.4283659
-0.1740182
0.5156677
-0.2343653
-0.6585034
1.250237
-0.2717637
0.947952
-1.201582
-0.4661161
-0.2693514
-0.3909654
1.348707
-0.0227647
0.2442259
-0.9423717
-0.7292173
0.9980689
1.258482
1.248864
-1.380637
2.049961
1.016873
-0.02671746
0.7036078
-0.9713852
-1.096156
0.04905045
-1.198496
0.190019
1.297706
-1.033874
-0.7384408
0.04656394
-1.017596
-0.383284
0.8727554
0.969545
0.3838467
-1.851556
-0.05399674
1.064773
0.813195
-0.1908165
-2.69993
0.06096664
0.5737517
0.04580358
0.1574125
0.4315654
-0.3965497
1.309978
0.4703934
-1.24267
1.381575
1.204459
0.824074
-1.662629
-0.5693063
0.6355138
0.04372201
0.3480123
2.459594
-0.8183803
-2.1132
0.2736953
-0.6875968
0.4460411
-0.8123847
2.212055
-0.123706
-0.4773355
-0.1662615
0.8625634
0.09734049
-1.625617
-0.004620768
0.7602422
0.03899091
0.7350721
-0.1464726
-0.05788734
0.4823695
0.9929436
-1.246395
-0.03348752
-0.07096218
-0.7589207
-1.034359
-0.630732
0.5868077
-0.4163227
-0.7848878
0.1634163
-1.236714
1.045874
-0.4845954
0.1891288
0.05100633
-0.0002406689
1.809382
-0.825328
1.14547
0.03157319
-0.8352058
-0.06876365
0.7467717
-0.4255187
-0.7720822
0.1527641
0.9885968
-0.07345833
-1.387027
-1.306676
-0.7683953
-0.5271081
-0.02142707
0.6704981
-0.434617
-1.11388
0.607106
0.275457
1.157347
-1.682481
0.08731909
1.353362
0.7241738
-0.8325528
0.7325285
-0.8719269
-0.4533975
1.187534
-0.2901453
0.8285461
-0.2912277
-1.576362
-0.8488157
-1.08852
-0.4842906
-0.3363112
-0.1533579
-0.2432472
1.892202
-1.385998
-0.4148243
0.3490815
1.628442
0.0885219
1.239151
-1.644556
1.446357
-0.6905602
-0.2764311
-1.109419
0.1338693
1.785339
2.422163
-1.076829
0.4859411
1.388522
-0.1956568
-0.2181748
-0.304778
0.5978327
1.397429
0.6876198
0.320188
-0.3018699
0.4983487
-0.5495369
-0.2792565
1.096513
0.4420131
0.2410163
-0.2556077
0.9310329
1.334913
-0.8692718
0.05548695
0.04906691
-0.5783557
-0.9987387
-0.00243278
0.6555119
1.476842
-1.909153
-0.7024395
-0.3114302
-1.663157
-0.7505334
-0.7773518
-0.7225697
-2.188835
0.2134186
-0.6319229
1.520491
0.7959559
-1.45353
0.09839542
-0.593771
0.8882812
0.05307042
-0.5570236
0.438397
0.1526082
-0.1646176
2.019891
-0.5293859
-0.470787
-1.545937
-0.04052672
0.8903563
-2.071388
-0.2500651
-1.18165
1.441937
1.357896
0.3345028
1.429338
-0.8673179
0.9506517
-0.5850115
0.3209575
-0.299396
-0.2785431
0.5461152
-1.303821
-0.2509145
0.1710074
-0.4034675
0.1046594
-0.3188808
1.618344
0.7141886
2.965865
-0.7950776
0.8143659
2.098031
0.3009801
-1.083075
-1.006323
-0.03541456
1.309124
0.7504005
-2.138368
-0.7003541
-0.009056475
-1.458133
0.6945296
-2.461335
0.1432898
-0.3912221
-0.4911641
-0.2836475
0.3147948
0.3963266
-0.2256037
-1.92495
-1.439229
-1.469658
0.7618634
-0.243615
0.2696766
-1.558928
-0.535588
0.562452
-0.1783261
-0.115136
-0.07206147
1.21091
-0.6148969
0.6761265
0.8985996
-1.189318
0.1212588
-0.01122169
1.029141
0.9147749
-0.002456267
0.1360096
-0.7201535
-0.1981243
-1.029209
-0.9669559
-1.220813
0.8362077
1.114972
-0.4129449
-1.128977
-0.08793133
2.241904
2.041313
-1.7198
-0.3569067
1.53328
-0.0382441
1.597413
-0.3335854
0.6049859
0.2242412
3.229069
0.9204526
-1.206539
-0.6038812
0.3702353
-1.901001
-1.80441
-1.121823
-0.3479296
1.238902
-0.2741976
0.1623807
-0.06460691
-0.7052371
1.362197
-1.096513
-0.2284335
-0.3478281
0.5321286
1.607235
0.5138145
1.382373
0.763097
-0.6245845
0.0815438
1.376079
-1.561266
0.3247707
-0.1567903
0.8777839
0.7501666
0.3010534
1.492811
-1.525494
0.9107176
-1.579532
0.5877163
0.0896423
0.9672617
0.07881235
-1.5687
-2.007823
0.5409735
-0.0733766
-0.5710184
-0.3110685
-0.6714151
-0.1573405
-0.9313051
-1.983009
-0.2195998
1.045276
1.87733
0.002606196
-0.08066993
0.9629823
0.05357102
-0.4348984
-1.737297
-1.263696
0.4063085
-1.459654
1.048457
-1.346431
-0.1935706
-0.002335957
-0.01282973
0.1519473
0.5985111
-0.1262124
-0.2485356
0.1603274
-0.4336419
1.537412
-2.170247
1.027005
-0.2484829
0.4223204
0.9876533
0.8355682
-0.6605219
1.564069
-1.622976
0.8638964
-0.5116028
-1.917365
-1.865814
0.2451791
2.223534
0.2733761
1.130785
0.8386694
-0.6546153
0.953961
0.3529515
0.2065993
1.001113
0.747452
-0.6265748
0.3952237
-0.892168
0.6308184
-0.4327052
0.4521386
0.367999
-0.2703875
0.4655126
0.5743562
-0.2307
1.172243
1.392703
-0.6619913
-0.7773692
0.5135386
-0.9133122
-0.4494238
0.8029327
-0.5734769
-1.928125
0.6643908
-1.60254
-1.3546
-3.017933
0.8312378
0.2510971
0.4622935
0.8447922
-0.04197152
-1.105576
0.5637757
1.303365
-1.500221
-0.6069892
-0.2922451
-1.289683
0.6941058
-0.5991819
1.256907
0.05350801
0.7280925
1.561098
0.2656248
1.076726
0.2106979
-1.511674
0.02240226
0.7181362
0.489457
-0.1738883
-1.217699
0.6463984
-0.916456
-1.251823
0.5949277
-1.232811
0.2443644
0.002772185
-1.32821
1.179696
-0.592805
1.199978
-0.4750337
-0.5750571
-0.03122602
-0.358057
-0.3566011
-0.8776644
-1.212897
0.6132866
-0.8062033
-1.376457
-0.5078479
-0.8009355
-2.192786
-0.2909371
0.1671741
0.2946924
0.3927413
-1.000844
-0.3257271
-1.008349
-0.6354315
-1.209841
-1.116464
0.6298812
-0.2725216
-0.2588412
1.729558
-0.05839217
-0.5370638
0.7472867
-0.4872578
1.372908
-0.3776724
-0.6161526
-1.168125
0.3286404
1.466511
-0.3560095
0.2614676
0.3333289
1.422193
0.6638766
-1.073655
-0.6969018
-0.7461305
0.1415729
-0.003947221
0.3679375
-0.6573429
-0.3763467
0.7413601
-0.09960676
-0.6542899
0.9711644
0.01349631
-0.9165347
1.709689
-1.168101
-1.781036
-2.253132
0.651126
-0.5328326
-0.2755594
0.289627
-0.4664841
-1.60806
-1.949784
-0.3406999
0.1747255
-2.277778
0.2905245
0.4223064
1.294737
0.164714
0.2049538
0.6046036
-0.01914077
-0.07971435
0.1159845
0.7441734
-0.4312906
-0.499529
-0.8651621
-0.9577573
0.3268
1.547372
-0.9688596
-0.1884404
-1.030001
0.9080864
-0.3173819
0.179004
0.3480282
-1.054279
-0.1047443
-0.2283426
0.6753556
-1.233245
-1.199962
0.7658666
-0.5880979
-0.6602958
0.1130135
-0.3203988
1.866381
0.2595315
0.1615601
0.9310749
-0.05994675
0.0487397
-1.072875
-2.292971
-1.207207
0.1141094
-1.033297
0.6888078
0.725083
0.2173802
-0.2016567
-1.36569
-0.3089376
-0.4529029
0.6632291
1.30863
0.5010403
-1.128289
1.670997
1.010353
0.2235212
-2.206485
-0.9545856
-0.06857307
0.7613059
-1.179904
3.211199
-2.553825
-0.2359339
-0.2595626
-0.6633669
-0.3189907
0.7423952
-0.8742927
-2.082814
0.0937679
-0.001819812
-0.01310065
0.6679681
-0.0131677
0.776047
-2.010735
-1.12818
0.3487996
-0.3528985
0.9447746
-1.00472
0.7239027
-0.6688327
-1.11304
-0.3428052
0.04977932
-1.227682
-0.7640059
-1.246182
1.016774
0.7236126
-1.032527
0.557346
-0.2555814
-1.113392
0.4211974
-0.3229503
0.8801799
-0.1948636
1.188055
-0.5097645
0.219548
0.3702944
0.2791084
0.2019424
-0.01299654
-0.09086501
1.365031
0.9081306
-0.6098882
1.396437
0.1447984
-0.6406068
0.1698023
-0.1571875
0.1009396
-0.9733942
-0.8198253
1.362919
0.9613709
-0.8837245
-0.9000921
1.723333
1.909042
-0.7771412
-1.302305
2.623495
0.2296289
0.1867499
0.07613663
1.40486
-0.1917222
1.459392
-0.2206555
0.5051459
-1.033497
0.1704735
1.200668
-0.1634059
1.282476
2.727196
0.9419242
-0.248614
0.09647886
-0.4339309
2.178668
-2.95878
0.08088824
0.1101378
0.2134483
-1.55782
0.2162115
0.1876638
1.258622
0.5235178
1.115454
-0.9575022
-0.1244056
0.1917378
0.2722173
-0.6938145
1.479172
-0.611767
-1.61431
0.4024901
0.6645554
0.9441271
-0.9462608
-0.2482884
-1.328436
0.8447637
0.3476967
0.9137626
0.6082746
-0.607548
0.1796581
-1.908409
0.5029463
0.9688992
-0.8757371
-2.136025
-1.522828
-1.113118
1.240984
0.003481935
-1.237795
0.5556991
-2.183149
-0.2470245
1.112857
-0.3416732
1.305438
1.795324
-1.167835
-1.152288
-0.9144555
0.528728
0.8350789
1.209137
1.299473
1.075732
0.939801
0.1633747
-0.8881386
-0.726161
0.407597
1.683536
1.70598
-1.926167
-0.833998
1.419133
-1.06411
-1.613577
0.5998111
1.732965
1.934505
0.5328206
0.7196658
0.5600934
-0.01808693
-3.371739
0.7607032
-0.3912269
1.009901
-0.6269731
-1.634577
1.245243
0.1813774
3.495304
0.9155919
1.048507
0.7638249
-0.6033874
-0.3704297
1.059826
1.055111
0.5829722
-0.9865674
1.684622
-1.366841
-0.4332143
2.325058
0.5241222
0.9707334
0.3769734
-0.9959334
-0.5974829
0.1652514
-2.928477
-0.8479142
0.7985845
-0.298456
-0.2836114
0.8695193
-0.5443553
0.6288032
-1.422334
-1.227513
-1.674106
0.08439848
-0.2061257
1.441872
-0.0417821
1.353754
1.945225
-0.4909382
0.3884391
-0.8448933
0.7379904
-1.07976
-1.026474
1.288793
1.090811
1.262623
1.069335
0.4713562
0.8697978
2.620159
0.9821049
-0.3184894
0.1554398
-0.1018149
0.09990986
-0.2610839
-1.625849
1.669066
1.660042
0.7493996
0.2762027
0.1878184
1.398734
1.226564
1.421644
1.004838
1.618984
1.431134
1.558312
1.495961
2.661886
-0.05503461
2.508325
0.6657913
0.9350193
1.081082
0.5517852
-1.553807
0.6870675
1.041383
-0.7377281
1.54994
0.4027263
2.447742
1.264868
0.2112172
1.167732
1.257583
1.912047
0.8431276
-1.033376
-0.2996658
0.1427493
1.426265
0.7151637
0.3856315
0.1551092
1.153695
0.1485677
0.6020789
0.06002277
-0.3882537
1.955185
-0.3174955
1.073029
0.4318142
-0.05845067
1.259314
1.373135
2.264667
1.325225
0.8615327
3.602469
0.3497156
-0.003183228
0.4648861
0.8895854
1.60043
1.415845
0.8942494
0.1434375
2.127327
1.916282
0.2756204
1.686779
1.450086
2.045222
1.149629
-0.1410672
1.802499
0.2712835
1.527209
2.673479
-0.418828
2.561911
2.353161
0.4713032
0.7487272
0.3141523
0.4296323
1.579631
0.101041
0.8096701
0.8560966
0.9034273
1.181447
2.596574
0.5486683
0.2051198
1.792284
1.380472
1.235788
1.590988
-0.4119302
2.063296
1.453918
1.951313
0.4014823
-0.8419401
0.5154105
0.09315318
3.222762
0.5865334
0.7843262
2.062979
1.620347
1.673067
3.63371
1.166114
2.905176
1.253718
-0.459022
-1.227248
1.649684
0.0007501352
1.041972
2.777044
1.347183
0.7129026
-0.9245767
0.1993509
0.424382
1.684206
1.483457
1.013963
1.180244
0.7118768
1.030227
1.271674
1.449158
2.827628
-0.1120237
2.474807
1.671512
-0.5453285
0.7229528
0.370657
0.06699955
-0.5378865
0.505898
0.56464
0.6764553
-1.061114
1.441503
1.746351
1.789643
1.770741
1.200506
2.46835
0.1235445
-0.2266047
1.337838
1.440824
0.2534835
1.036606
1.32331
1.379676
1.876556
1.933388
-1.428808
2.727994
1.456003
0.4296397
-0.1146244
1.905064
1.328096
2.07809
0.9396844
0.7564812
3.241423
-1.035993
1.390914
1.384813
1.438696
1.558141
0.7235936
2.166288
-1.454277
0.1944337
0.8808554
1.163216
1.40648
1.63934
-0.5085176
1.007671
1.524168
2.326336
0.8864323
2.599149
0.7184719
0.9501019
1.160214
0.4976194
1.715938
-0.3457873
0.9943564
0.4594575
0.4529263
2.151445
2.05222
2.598027
0.7362032
1.032401
-0.5515833
0.6118206
2.764148
0.5834723
-0.1663387
1.041895
2.246489
-0.5779713
0.7461795
1.467831
2.97753
0.3843942
2.519422
0.5671048
-0.03101771
-0.1343345
0.7789019
0.9775853
0.6770982
2.052223
1.189541
0.8941724
0.3974455
-0.2960159
-0.9593266
1.213412
1.025336
2.365023
1.291094
1.797218
1.040986
0.181676
1.289641
1.339787
0.1826073
0.9712507
3.000782
-0.1292661
2.472179
0.7729311
2.482311
0.1569468
0.9338047
1.311233
0.8874098
1.658739
0.8331385
2.208873
1.170419
1.69242
-0.1855469
0.3416107
2.089508
1.508786
0.8640934
0.8912173
1.7549
0.7761887
1.074955
-0.6459548
2.774009
1.765968
1.832288
-0.9054575
0.9791633
0.5910661
-0.3763863
1.72743
2.234131
0.4467756
0.7708098
2.711462
-0.6498079
1.744221
0.6859787
0.8846892
0.3890257
2.096695
-0.1271676
1.962609
2.406464
-0.6416495
-0.1269042
1.591545
0.04369088
0.3084701
0.5546472
0.6555158
1.703698
0.3969942
1.08935
1.737495
-0.5403794
0.3103677
1.859793
0.6234803
-1.535083
0.1421908
1.816026
0.5734111
0.5953632
0.8542308
1.719466
0.5089092
1.475958
1.573154
-0.01885958
0.9381278
0.4616949
1.416955
-0.5082767
2.53917
2.346018
0.1571442
0.3301258
0.09151255
0.8634594
0.498962
1.112638
-0.8752176
1.158547
1.015563
-0.6006035
1.275973
1.054953
0.7694266
0.9867837
1.384949
1.346724
0.5683872
2.150178
0.9634678
0.8641986
1.944618
1.992041
0.2993302
0.008941328
0.2943819
-0.1757759
-0.781197
1.310608
0.8548896
1.64255
0.9983406
1.409163
0.5039419
0.03989204
1.778132
1.761121
-0.7337122
1.877295
-0.7733714
0.9543127
0.6051277
0.8719437
2.096238
-0.2552179
0.7345163
3.553302
-0.4783063
0.3734124
0.958948
1.199953
0.4666944
0.7339677
2.084148
0.8192545
1.251555
1.369542
1.407034
1.492505
1.054633
0.2913259
0.9417292
0.03657818
1.093393
0.6520989
0.8816656
-0.09909096
0.7169236
-0.08973467
0.5943345
1.526907
1.24042
1.898362
1.487968
1.111991
1.998313
2.191717
-0.3993876
1.892148
1.777959
1.941915
0.09119729
3.408931
-1.59425
1.006863
1.118107
0.8503027
1.747873
1.124035
0.2219453
2.410033
0.7060882
1.610679
0.3334899
-0.05988288
0.3941613
-0.05684142
1.533106
-0.5520926
0.02151053
1.027218
-0.7155723
0.495112
0.6950773
2.346078
0.7424633
0.4767127
0.3367822
1.447221
0.680549
0.4562212
0.7203266
2.065233
2.567829
0.3568879
1.020522
0.6758155
2.857396
1.590764
-0.7806267
0.5658913
-1.29275
0.9070348
1.703964
0.1055104
-0.2825068
2.255784
0.03537002
1.907784
1.214074
1.881023
2.002545
2.139911
2.236036
1.295402
1.171761
0.04461072
-0.2104091
0.398617
0.8641839
0.01272722
1.831925
0.2049405
1.340465
1.87043
-0.182161
2.022894
-1.108435
1.229763
2.511711
1.555438
1.914879
0.4466034
1.298376
2.10638
-0.3291496
2.001694
-0.4093039
0.501219
3.622757
1.510666
0.9091568
1.978766
0.7561913
1.621809
0.6554048
-1.355225
1.472388
0.4885198
0.4263978
1.003797
2.342551
1.295462
1.841787
1.629064
1.101598
1.671121
0.8616836
-0.2493123
1.347635
-1.277814
0.01379082
0.9404587
0.8392405
0.5796385
1.988591
-0.06961379
-1.613643
1.780452
1.045105
0.8915108
0.6087757
-0.6869995
0.04729554
1.507414
1.018816
-0.4189104
1.598172
1.78638
0.865367
0.9836135
2.40914
1.394839
2.219875
0.9549228
2.479488
0.9243162
1.917748
0.6552213
-0.07700266
2.001605
3.296004
0.6741219
2.468856
0.7630911
1.923493
0.01080819
1.275646
0.2363389
-0.352112
1.655024
2.609647
0.211493
0.1161239
-0.07251461
0.541859
1.665647
1.712228
1.442954
1.759587
0.5311223
0.82729
1.68205
0.7184227
0.03837743
-0.3776501
3.697587
-0.6997151
1.029317
2.934314
1.837511
0.8146537
1.533329
2.784956
1.189628
0.4309125
2.451893
2.868993
0.01544511
1.718757
1.129347
1.701641
1.526698
0.9794869
1.438251
-0.2105286
-0.4044199
1.720749
1.086036
0.868383
-0.676052
0.430502
1.192205
0.5136771
1.081284
1.384897
0.862498
1.427593
0.7569356
0.6816472
0.7458936
1.638887
1.821065
3.335479
0.01669244
0.2925426
1.644149
2.637665
2.226648
0.5322944
0.3217689
2.696402
2.542847
1.214528
2.700688
0.9920132
0.1820996
0.9493898
1.079921
-0.5595711
0.828502
0.5813929
1.491287
0.4687716
1.48222
1.536291
0.7206758
0.9564927
3.381515
2.548031
2.554762
1.058111
0.1602211
1.571123
1.066048
4.584659
-0.9318956
0.7971675
2.483715
-1.098516
0.7403513
1.334068
0.7803624
0.0682282
0.8777598
2.338528
-0.3483312
2.414836
1.914049
-0.2366879
-0.5007604
1.034539
1.2863
2.186208
0.9624506
1.420372
2.289246
2.170689
1.826094
1.323917
1.38095
2.20262
2.102206
0.9384851
1.36459
2.692552
2.471367
0.02275234
2.448202
0.9141443
-0.5737698
2.292476
1.084468
1.967046
2.939113
2.079873
0.6464065
0.8650769
0.01286757
0.1782919
1.489531
0.7007225
1.658255
1.83241
1.363463
0.6013543
-0.49793
1.114628
-0.03781662
1.645979
1.772845
1.316014
-0.03811282
0.2448627
0.5084957
1.147226
3.356503
0.07933123
-1.156848
0.8796
0.1607557
-1.17244
0.125692
0.6264207
-0.1021977
1.71566
1.90764
0.6751949
-0.4815859
1.594171
0.1451253
0.1700825
1.149107
0.02385396
0.7053156
0.2290251
1.392284
0.1536941
0.1562401
0.03811156
1.01105
2.214949
0.1111215
1.218101
0.343883
-0.08851585
2.091131
0.4307727
2.62081
0.3130116
1.656997
2.110692
3.140721
0.1690282
1.076406
1.935824
0.4983333
1.594853
0.5693488
-0.1333391
-1.237172
1.51464
0.6580929
2.717877
-0.1163779
0.5115204
1.807332
0.7389913
1.48806
2.352784
3.176816
1.051387
0.1619046
-0.08461501
0.4534672
0.5734903
-0.2109976
1.597793
2.423896
0.5567014
-0.04033347
-0.2738971
1.770152
1.031523
-0.9048548
0.8762448
1.000328
0.1562217
-0.2213334
0.547014
0.2976801
0.3256196
-1.303023
0.8506671
1.94869
2.156362
3.074352
1.26529
-0.05200383
1.502342
2.099845
2.886505
1.811254
2.418244
1.43917
-0.2775016
0.1386268
2.886986
1.704087
0.3322795
0.2942857
0.07928142
1.148473
0.7499826
0.05823105
2.214199
1.018566
1.757832
0.6199373
1.174949
2.033523
1.675724
1.941281
-0.8266301
1.177204
0.8081921
0.3498013
0.4393037
2.675766
1.430535
0.8553934
1.939026
0.4545033
1.13885
2.446862
0.6673719
0.2008437
0.4517073
-0.0507962
1.252662
1.327862
1.855672
2.801762
2.405241
-0.2507918
2.999109
1.139278
0.6133309
2.855636
1.428855
2.73079
0.9564763
0.2689142
-0.9659641
2.126865
0.1119156
1.871359
1.119894
1.472435
2.26664
0.5146836
0.5384664
0.7682417
2.060354
0.5252143
0.8244897
1.796324
1.778745
1.796803
1.049052
1.762613
1.285993
0.367185
2.804384
-0.863011
1.845528
1.341668
1.022778
0.3886
0.7394732
2.80567
0.9030007
0.6155133
0.1216379
0.5044215
0.9157075
-0.3577221
2.142698
1.097827
2.465021
1.990436
2.414387
-0.3358978
1.579584
0.6381788
0.9531476
0.4005225
1.215104
1.093631
-1.119834
1.852443
1.154375
0.02813836
-0.1014278
0.3097551
-0.5836349
1.137766
2.502344
1.192882
1.527155
-0.4832063
-0.5392007
0.1035671
1.72107
0.1154981
1.558599
0.7812625
1.383623
-0.03912011
0.05100775
0.895839
0.7912889
-0.7887302
1.537084
-0.9496961
0.5847655
1.05513
0.2980003
-0.403839
0.6011761
0.8895782
0.07592155
-0.357243
-0.1946045
0.4715122
0.5473731
2.419485
-0.2856811
1.381149
0.5825314
1.092861
0.3364155
1.802827
-0.7030826
1.153907
1.026075
2.055863
0.7755329
1.496596
1.399634
0.3530872
0.9162372
0.8663788
2.119604
1.239221
1.290602
3.343601
1.416298
1.362481
1.531683
2.548042
1.961488
1.338436
0.389047
1.357052
1.141509
-0.8362913
-0.541031
-0.7943829
2.414515
1.618338
-1.350455
1.467032
1.063832
0.7437396
0.255478
-0.2690253
1.862628
0.4230653
0.8677327
1.586828
1.535
0.6065901
0.4593906
1.259451
-0.1782788
1.306138
1.173481
1.250578
0.722076
-0.7247357
-1.006705
-0.2918083
1.365838
0.8477967
0.2659059
0.2180279
1.551567
-0.610841
1.748176
1.449296
0.1299375
0.9022521
1.8931
2.350915
2.48897
1.371067
0.7855268
1.455495
0.7418889
-0.002923752
1.844143
1.694659
2.261004
2.666559
2.471858
1.789316
0.9635457
-0.09128328
-0.4128629
-0.7810612
-0.3900928
0.6138376
0.384677
-1.205657
1.197851
1.291141
1.483072
-1.223595
-0.4131746
-0.4095809
-0.4511647
-0.564699
-0.5600103
-0.9705581
-0.5628235
-0.3320364
0.1936501
0.6056429
0.9578736
-0.8008184
0.04254866
2.335701
-0.4618675
0.7404299
-0.6983447
1.065369
0.5455168
-0.9182093
1.025191
1.125738
0.8828004
-2.768079
0.1438266
1.519883
-0.1713161
-0.658145
-0.1542946
-2.383039
-1.138297
-0.08725553
0.8353267
0.2121109
0.6413463
-1.032101
1.485771
1.190476
0.6172267
-0.1729383
0.8615804
-0.6200859
-0.878213
-2.228595
0.1932632
-2.312657
-0.02433379
0.4413406
0.7895768
1.02182
0.6152612
-0.8595779
0.890749
0.06327475
-1.864661
-0.1131369
-1.783386
-1.05349
-0.6193547
-0.5869386
0.9269757
-0.06540585
-0.9371118
-0.6338594
-0.5752243
0.188221
0.539656
-0.4208841
-0.3394666
0.5180804
-0.8693876
-0.1606709
-0.1426168
-0.765211
-0.6598006
-0.3074054
-0.8819275
-0.09534516
-1.275969
0.375585
-0.4692304
0.7989332
0.4262882
-0.512132
-0.3475155
0.6093927
0.7354643
0.4767086
0.3282858
-1.781267
0.1193964
-1.418295
0.07603438
-0.6608332
-0.105506
-1.180086
-0.1643592
1.519441
1.825165
-2.48864
-1.654322
-1.420855
-1.276297
2.079101
1.015536
-0.1096128
0.9815189
2.261347
0.6370899
1.775537
-1.147502
-1.079323
1.06795
0.8917532
0.8700965
0.4857625
-0.4710937
0.94963
1.847728
1.240407
-1.380814
0.4746769
0.01234636
0.08709994
-0.1823682
-1.26567
0.3312839
1.351729
1.636566
0.4799322
-0.7363159
-0.5830166
-0.611432
0.60335
-0.2357633
2.904216
-0.2682913
0.1480928
-0.206795
-0.6425601
0.8475718
-0.5275721
0.002370757
-0.2818802
-2.828475
0.6509303
0.1577592
-0.853437
1.3631
-1.262896
-1.777947
-0.6869196
-1.184336
0.7896773
0.08596377
-0.3700614
0.009336367
-0.9510596
0.1817177
0.1903398
-0.07173877
-0.00285171
-1.108219
0.9351918
-1.485839
2.228542
1.624135
0.5197646
-1.352029
0.4261238
-1.663188
-0.2699436
0.790791
0.8406086
0.03296948
-0.2381638
0.2635523
-1.591785
-0.3762351
1.812527
-1.7381
1.629111
0.5281054
-0.3604442
2.237617
-0.04019962
1.894125
0.02480465
0.5534254
-0.5743509
-0.928337
-2.000425
-0.6220687
0.7271456
-1.102183
-1.159463
-0.4389056
0.1591342
-0.4946007
1.212368
0.2926324
-0.03604246
-1.102616
-0.9356403
0.4608373
-0.3323635
1.106163
-1.633694
0.3351928
-0.5246574
1.463371
0.427178
-1.02513
-1.308058
0.2296019
-0.3070213
-0.0838331
-0.1657318
0.6550126
-1.074835
3.47091
0.2940809
-0.5363738
-0.1447735
0.5421305
0.6341752
-1.774856
-2.066136
-0.08990691
0.8368022
0.1662408
1.025526
0.4031885
0.4115921
1.680187
-1.062108
-0.7912356
0.3885123
0.2539985
-2.187168
0.5378004
-1.289886
-1.225544
1.727114
1.160358
-0.7481616
1.666672
-0.5296974
1.028648
1.376718
1.331003
1.254656
-0.2873346
-0.5467355
1.253927
-0.07172292
-0.6824366
-1.024996
1.301578
0.7580608
1.479614
-0.6195624
0.2596872
-1.086521
0.08622356
-0.8462024
0.3889059
-0.03763582
1.445602
0.3172245
-0.4039805
-1.740237
-0.4528213
-0.5860875
1.147919
0.4573633
-0.5878064
0.2279149
0.1341477
0.3293278
-0.2975122
1.184988
1.309535
-1.170455
0.9961189
-0.746997
0.2218677
1.000945
0.4941433
-0.008444418
0.09613699
2.250705
1.436635
0.01040775
-0.3207919
1.841675
0.08992473
0.4027928
1.309394
-0.6132542
-0.4354801
-0.3821061
0.1713282
-2.416562
-0.4181714
0.7071956
0.3118075
0.3506402
-1.586865
0.2165217
-0.1147498
0.02033812
0.8927903
1.448084
-0.2520309
-0.5974713
-0.2477408
0.7743659
-0.1185872
-0.4175813
-0.05242635
1.35395
-0.9206514
-0.3107714
-1.055803
2.238744
-0.4730621
0.9060541
0.03791693
-0.1753623
-0.361609
-0.8036215
1.341576
0.6259307
0.03113071
-1.094913
-0.4864141
0.9530937
-0.9945133
-0.5718703
0.7831732
0.3813664
-0.6000582
1.652615
-1.190767
1.415677
0.8141728
-2.097571
0.3201651
0.8010251
-0.7916807
-0.01066626
-1.623518
-0.9075671
0.1367667
0.271188
-0.07366122
-0.7744303
0.5938161
1.327505
-0.6008358
0.05650686
-0.5310763
-0.08089878
0.1607556
-0.1021406
-0.35475
-0.4712273
0.03404418
-0.2007212
-0.5444486
0.3773623
0.4037282
0.1702369
-1.10108
0.4024697
0.4258162
-0.2831287
0.5536321
1.264356
0.3278025
0.7651064
1.282573
1.658887
-0.4807298
-0.4078345
-0.3289188
1.101077
0.581718
0.9577792
0.3014218
-0.2884611
-1.456152
-1.704652
2.011221
0.003961332
0.5582219
0.6944937
1.446321
0.6334687
0.02637034
0.7428755
0.3473034
-0.6286549
0.9584919
0.1644414
-0.0347059
-0.9207438
1.148055
-0.3898801
-0.09926326
-0.02796606
-0.05698888
0.555659
0.9019238
0.5366231
-1.471186
-2.409359
-0.3650174
-0.1812685
-0.1490629
-1.392715
-0.6793592
-1.819118
2.638982
0.5466083
-0.006153939
-1.890139
-0.2667834
0.820431
0.7781935
0.454092
1.410052
-1.811064
-1.102452
-0.01916787
0.1493037
-0.5324319
1.197846
-2.042596
-1.014311
1.603918
0.89235
-1.517706
0.8235283
0.3655622
-1.330922
0.3595762
0.8929946
-0.995099
0.5196719
-1.235733
0.5297269
-0.9830417
-0.3757455
-1.041735
0.6976674
-0.1444488
0.4985434
0.6173367
-0.004541141
-0.09125636
0.3999594
0.5889017
-0.01687804
0.4187042
0.800728
0.6798931
1.309664
-1.891214
0.3449073
0.1547627
-0.7664417
-0.752915
0.5242707
-0.3554253
-0.2602665
0.5072081
1.143205
2.066818
0.7698663
2.001998
1.271621
0.3335202
0.2540727
1.930914
-1.01293
0.06444444
0.1923739
-2.340024
-0.3517659
0.3465909
-2.828941
0.3678727
-0.2854841
0.4427333
0.7176711
1.423895
-1.685391
0.04172932
-0.6329438
0.03009925
-0.1291436
-1.175899
-1.806819
2.120314
-1.324406
0.2750216
-1.108863
1.507741
-1.767299
-0.8885923
-1.219051
0.05028137
-0.490813
2.38506
-0.004388127
1.33169
0.8208087
0.685679
0.5158809
0.2738018
-0.7133359
-0.3430441
0.4689795
-2.475833
-1.855441
-0.4205079
-1.866038
0.1135047
0.4700187
0.8845942
1.11361
0.5668504
0.5460228
0.2398426
0.03413534
-0.8080912
2.227632
-0.7925241
1.697281
0.9389248
2.035295
0.7316264
-0.4198473
-0.3097435
-1.360676
1.037714
0.04621783
-0.05777336
0.07673907
-0.6336412
-0.4234135
0.776691
1.310907
0.05830131
0.2453984
0.2323247
0.1887759
-0.2418159
0.5721363
0.7057918
0.2048996
0.5521034
-0.5688713
0.1927178
0.6213472
-0.1072156
-0.1240759
-0.4650218
0.5734078
0.2549361
2.672144
-0.134495
0.1115741
-1.010003
0.8878798
-0.3072176
0.133165
0.9453264
1.525687
-0.2474506
-0.3566037
0.2079684
1.209253
0.1165589
0.1920662
0.7866161
0.7398407
1.086692
-1.952807
-1.182427
-1.180678
0.3769811
-1.356791
-0.2286083
0.4232566
1.940908
-0.2410193
-0.02097057
0.2356471
-0.5953448
-3.199558
1.511278
-0.343587
-0.7169291
0.2879091
-0.6174728
0.9201674
-0.4541007
0.8557613
-0.2335428
-0.9783715
0.737216
2.441604
-0.9924927
-0.4407361
-1.169388
1.591988
0.1272747
-2.327099
-2.196775
0.9391653
0.2991622
-1.989927
-1.204135
0.3983457
0.04475659
-1.866161
0.7525228
-0.4256844
1.24417
0.4503493
1.182807
-1.963978
0.7466129
1.051324
0.5241711
-1.115584
-0.04776622
-1.917029
-0.5717302
-0.7481966
0.345179
2.163951
0.3366463
-0.417864
0.923691
0.7667666
0.2487481
-0.657218
0.5831242
0.6906829
0.2918647
1.923074
2.30613
-0.9891953
0.4014274
-1.232388
-0.5446893
-0.434533
-0.1408452
1.758141
-0.8301414
0.5144278
0.7871311
0.2420155
0.5599168
-0.6504185
-0.4583926
-0.6804863
-2.192437
0.6259871
-0.4154617
-0.1763038
0.6652592
0.04988352
-0.1114503
-0.5291514
1.615862
0.1395106
0.1195837
0.9798658
0.3793843
-0.8802126
-0.406453
-0.7771252
-1.683502
-0.1669826
0.5939482
-0.5181591
0.4411984
0.7556009
-0.1129609
-0.4746254
-0.7021219
-0.279371
1.56421
0.09109361
-0.462188
-0.4504388
0.07309662
0.131353
1.345636
-0.4233615
0.9769423
-0.6309804
0.2197512
-0.3456725
1.005905
1.397316
1.535361
0.6845282
-0.5053526
-0.1242331
0.3013347
-2.087367
1.420397
-1.068979
-0.4593519
1.331666
0.4097763
0.4723365
-0.7496986
-1.601692
-0.7914473
0.5020105
0.7171953
0.04335519
-0.3941443
0.3800048
-0.622428
0.5113872
-1.101373
1.861416
-2.704989
1.417938
-0.6553095
1.252283
-1.460287
-0.3307349
0.2108178
-1.009499
-0.5347766
0.4950583
0.548494
-1.227743
-1.006613
0.2071672
1.417401
0.7470894
-1.519433
-0.7200707
-1.838212
0.7843959
-0.8710521
-0.01086631
0.6091416
-0.1330516
-0.8495311
0.1151387
-1.331337
2.374458
-2.495836
2.203676
0.5713969
-0.5837452
0.2748604
-0.0482892
2.252469
2.207982
0.766845
-0.2841917
0.1516453
-0.7811061
-0.9573984
-0.3043411
1.530879
-0.4783059
0.2759643
1.29278
0.4240107
0.5277653
-0.65383
0.1216756
-0.9868631
-0.7555945
-1.16099
-0.4428015
0.3349478
-0.1006586
-0.9755368
-0.9732166
-1.340787
0.4141024
0.2741624
-1.413963
-1.681931
-0.07008611
-0.460309
-1.207146
1.040441
-0.06620501
-0.01985778
0.6155562
0.420383
-0.3279549
-1.134456
1.182268
-1.710786
1.379449
-0.5410053
2.075467
-0.2047605
-0.551417
0.04119687
1.317048
-1.80965
-0.3079888
0.2945612
0.1477708
0.1159515
-0.3233318
-1.140367
2.861319
-1.451387
0.983744
-1.107841
-1.998893
0.1507225
2.108968
0.6291907
-1.637646
-0.6584757
-0.7503083
-1.145132
1.027613
2.47804
-1.453316
0.8222644
-1.066448
1.094307
0.2205962
-0.2832396
0.7100508
2.210477
1.412067
-0.1965981
0.7553846
-1.094101
0.43018
0.9605497
0.4590595
-0.5964554
-0.04508621
-0.5815186
0.4428632
-0.3102307
-0.2228298
-0.6325868
1.06719
0.3373959
-0.9536457
0.2511736
-0.5481487
0.103236
1.866017
-1.040994
0.2199838
-1.423795
0.6160174
-1.441563
-1.701765
0.557213
-0.7505111
-1.970933
-1.324463
1.075533
0.1758351
0.2079248
0.8932028
0.1986099
-3.181283
0.01968319
-1.394171
-0.9332359
-1.629041
0.3690976
2.285656
0.4865449
1.932152
-0.232129
-0.5374451
0.7861019
-1.252373
-1.324165
-2.968233
-2.225718
-0.4416542
0.1246441
-0.3499972
-1.903499
-1.154044
-0.7891835
0.8994023
0.31604
-0.8269873
-1.614571
-0.1664321
-1.776392
-0.666884
-0.3079651
1.222525
0.8958623
0.2039051
-0.2159984
-0.4880063
0.6020523
-1.3941
-0.3541637
1.23105
-0.8134058
-1.526672
0.000913154
0.2951579
1.706538
-0.907496
-0.5266138
1.240009
-0.2679018
0.3042363
0.4703035
1.286192
0.9169773
-0.04097266
-1.289163
-0.07929737
0.7398948
1.27676
0.6651328
-1.52269
0.1262231
-1.131382
-0.4774252
-1.098473
1.707442
-0.184103
1.861426
-1.742047
-0.7834574
0.7952705
-0.53227
1.985804
-0.6518004
-2.156962
-0.0920275
-0.3974001
-0.1383273
-0.825765
-0.6856617
-0.7927145
-0.4070042
-1.148671
1.11576
-0.8794568
1.279323
-1.454277
0.8422288
-0.603215
0.131555
0.7644446
-0.9171352
0.2373945
-0.04468907
-1.11855
0.576705
-2.301742
1.544011
1.196321
-0.2016769
-0.4322716
0.3469486
-0.4853779
-0.1953061
0.2297974
-0.09465376
1.7102
-0.335749
-0.8753248
